0 0 0 0 0 0 0 0 0 0 0 0  0.999999994532 5.46780268286e-09 1366517
0 0 0 0 0 1 0 0 0 0 0 0  0.999993298582 6.70141768128e-06 27775
1 0 0 0 0 0 0 0 0 0 0 0  0.999994843139 5.15686131733e-06 27765
0 0 0 0 0 0 0 1 0 0 0 0  0.999994843139 5.15686131733e-06 27641
0 0 1 0 0 0 0 0 0 0 0 0  0.999993298582 6.70141768128e-06 27449
0 0 0 0 0 0 1 0 0 0 0 1  0.999993812067 6.18793261961e-06 13894
0 1 0 0 0 1 0 0 0 0 0 0  0.999987631676 1.23683237025e-05 13876
0 0 0 0 0 0 0 0 0 0 0 1  0.999993812067 6.18793261961e-06 13863
0 0 0 1 1 0 0 0 0 0 0 0  1.64900115032e-05 0.999983509988 13827
0 1 0 0 0 0 0 0 1 0 0 0  6.18866872814e-06 0.999993811331 13818
0 0 0 1 0 0 1 0 0 0 0 0  1.23696893455e-05 0.999987630311 13812
0 0 0 1 0 1 0 0 0 0 0 0  0.999985574085 1.44259153904e-05 13805
0 0 1 0 0 0 1 0 0 0 0 0  0.999987631676 1.23683237025e-05 13801
1 0 0 0 0 0 0 0 1 0 0 0  0.999993811331 6.18866872814e-06 13781
0 1 0 0 1 0 0 0 0 0 0 0  1.23696893455e-05 0.999987630311 13775
0 1 0 0 0 0 0 0 0 1 0 0  0.999993812067 6.18793261961e-06 13775
0 0 0 0 0 0 0 1 0 0 1 0  0.999993811331 6.18866872814e-06 13759
0 0 0 1 0 0 0 1 0 0 0 0  0.99998557482 1.44251803446e-05 13751
0 0 0 0 0 0 0 0 0 1 0 0  0.999993812067 6.18793261961e-06 13711
0 0 0 0 0 0 1 0 0 0 1 0  6.18866872814e-06 0.999993811331 13685
0 0 1 0 1 0 0 0 0 0 0 0  0.999985574085 1.44259153904e-05 13583
1 0 0 0 1 0 0 0 0 0 0 0  0.99998557482 1.44251803446e-05 13467
1 0 1 0 0 0 0 0 0 0 0 0  0.999990517367 9.48263301457e-06 714
0 0 0 0 0 1 0 1 0 0 0 0  0.999990517367 9.48263301457e-06 683
0 0 1 0 0 1 0 0 0 0 0 0  0.992474097014 0.00752590298579 593
0 0 0 0 1 0 0 0 0 0 0 0  0.982629152514 0.0173708474859 592
0 0 0 1 0 0 0 0 0 0 0 0  0.982629152514 0.0173708474859 577
0 0 1 0 0 0 0 1 0 0 0 0  0.992475491277 0.00752450872333 572
1 0 0 0 0 0 0 1 0 0 0 0  0.997471366063 0.00252863393681 570
1 0 0 0 0 1 0 0 0 0 0 0  0.992475491277 0.00752450872333 568
1 0 1 0 1 0 0 0 0 0 0 0  0.999988663024 1.13369763367e-05 560
0 0 0 1 0 1 0 1 0 0 0 0  0.999988663024 1.13369763367e-05 551
0 1 0 0 0 1 0 0 0 1 0 0  0.999991409285 8.59071475401e-06 429
0 0 1 0 0 0 0 0 0 0 0 1  0.999991409285 8.59071475401e-06 424
0 1 0 0 0 0 0 0 0 0 0 0  0.980198347973 0.0198016520275 423
0 0 0 0 0 1 0 0 0 1 0 0  0.999991409285 8.59071475401e-06 411
0 0 0 0 0 0 1 0 0 0 0 0  0.980198347973 0.0198016520275 408
0 0 1 0 0 0 1 0 0 0 0 1  0.999991409285 8.59071475401e-06 386
0 1 1 0 0 1 0 0 0 0 0 0  0.989986873345 0.0100131266549 333
0 1 1 0 0 0 0 0 0 1 0 0  0.994963906984 0.00503609301609 318
1 1 0 0 0 0 0 0 1 0 0 0  0.0149278755847 0.985072124415 315
0 0 0 0 1 1 0 0 0 0 0 0  0.0388235269357 0.961176473064 311
0 1 1 0 1 0 0 0 0 0 0 0  0.0149326216993 0.985067378301 310
1 0 0 0 1 1 0 0 0 0 0 0  0.980198512757 0.0198014872433 308
0 1 0 0 0 1 0 1 0 0 0 0  0.999979395686 2.06043144785e-05 304
0 0 1 1 0 1 0 0 0 0 0 0  0.980197524023 0.0198024759774 302
1 0 0 0 0 0 0 1 0 0 1 0  0.999986600305 1.33996952317e-05 301
1 0 0 0 0 0 0 0 0 0 0 1  0.999988661894 1.1338105829e-05 299
0 0 0 0 0 1 0 1 0 0 1 0  0.999985572718 1.44272815802e-05 299
0 0 0 0 0 0 1 1 0 0 1 0  0.0149278755847 0.985072124415 299
0 1 0 0 1 1 0 0 0 0 0 0  0.0198034656936 0.980196534306 298
0 0 0 0 1 0 1 0 0 0 0 0  0.999976823005 2.31769949459e-05 295
0 0 0 0 1 0 0 0 1 0 0 0  0.999986602407 1.33975930569e-05 295
1 0 0 0 0 0 0 0 0 1 0 0  0.989995451889 0.0100045481115 293
0 0 0 0 0 1 1 0 0 0 1 0  1.44272815802e-05 0.999985572718 293
1 0 0 1 1 0 0 0 0 0 0 0  0.0198074224428 0.980192577557 293
0 0 1 1 0 0 0 0 0 0 0 0  0.0388235269357 0.961176473064 292
0 0 1 0 0 0 1 1 0 0 0 0  0.980196533953 0.019803466047 288
0 0 0 0 0 0 0 0 1 0 0 0  0.985072124415 0.0149278755847 287
0 0 0 1 0 0 1 1 0 0 0 0  0.0149323721048 0.985067627895 286
0 0 0 0 0 1 1 0 0 0 0 1  0.994963906984 0.00503609301609 286
1 1 0 0 1 0 0 0 1 0 0 0  1.33975930569e-05 0.999986602407 286
0 0 0 1 1 1 0 0 0 0 0 0  0.0198074223167 0.980192577683 284
0 0 0 1 0 0 1 1 0 0 1 0  1.33975930569e-05 0.999986602407 283
1 0 0 0 1 0 0 1 0 0 0 0  0.989987884294 0.0100121157058 283
1 0 0 0 0 0 1 0 0 0 1 0  1.33996952317e-05 0.999986600305 281
0 0 1 1 0 0 0 1 0 0 0 0  0.980198512757 0.0198014872433 280
0 0 1 1 1 0 1 0 0 0 0 0  1.95757931846e-05 0.999980424207 280
1 1 0 0 0 0 0 0 0 0 0 0  0.0294083669922 0.970591633008 279
1 0 0 0 0 0 0 1 1 0 0 0  0.999986600305 1.33996952317e-05 278
1 0 0 0 0 1 0 0 1 0 0 0  0.98999292816 0.01000707184 276
0 0 0 0 0 0 0 1 0 1 0 0  0.999988661894 1.1338105829e-05 276
0 1 0 0 1 0 0 1 0 0 0 0  2.06064137971e-05 0.999979393586 276
0 0 1 0 0 1 1 0 0 0 0 0  0.989986873345 0.0100131266549 275
0 1 0 0 0 0 0 1 1 0 0 0  1.33996952317e-05 0.999986600305 274
0 0 0 0 0 1 0 0 0 0 0 1  0.994963906984 0.00503609301609 274
1 0 0 0 0 0 1 0 0 0 0 1  0.999988661894 1.1338105829e-05 273
0 0 1 0 1 1 0 0 0 0 0 0  0.980197524023 0.0198024759774 273
0 0 0 0 0 0 1 1 0 0 0 0  0.0294083669922 0.970591633008 272
0 0 0 0 0 0 0 1 0 0 0 1  0.989995451889 0.0100045481115 270
1 0 0 1 0 0 1 0 0 0 0 0  2.06064137971e-05 0.999979393586 269
0 0 1 0 1 0 0 1 0 0 0 0  0.989987379617 0.0100126203826 268
0 0 0 1 1 0 0 1 0 0 0 0  0.0198074224428 0.980192577557 268
0 1 1 0 0 0 0 0 1 0 0 0  1.44272815802e-05 0.999985572718 268
0 1 0 0 0 1 0 0 1 0 0 0  0.01000707184 0.98999292816 267
0 0 0 0 0 0 1 1 0 0 0 1  0.989995451889 0.0100045481115 266
1 0 1 0 0 0 1 0 0 0 0 0  0.999979395686 2.06043144785e-05 265
0 0 1 1 1 0 0 0 0 0 0 0  0.0198074223167 0.980192577683 264
1 1 0 0 1 0 0 0 0 0 0 0  0.0149323721048 0.985067627895 264
1 0 1 0 0 0 0 0 1 0 0 0  0.999985572718 1.44272815802e-05 263
0 1 0 0 0 0 0 1 0 1 0 0  0.999988661894 1.1338105829e-05 260
0 0 1 0 0 0 0 0 0 1 0 0  0.994963906984 0.00503609301609 260
0 0 1 0 0 0 1 0 0 0 1 0  0.01000707184 0.98999292816 260
1 1 0 0 0 0 0 0 0 1 0 0  0.989995451889 0.0100045481115 260
0 1 0 1 0 0 0 0 0 0 0 0  0.999976823005 2.31769949459e-05 260
0 0 1 0 0 0 0 1 0 0 1 0  0.98999292816 0.01000707184 258
0 0 0 1 0 1 1 0 0 0 0 0  0.0149326216993 0.985067378301 257
0 0 1 1 0 0 1 0 0 0 0 0  0.0198034656936 0.980196534306 256
1 0 0 1 0 1 0 0 0 0 0 0  0.989987379617 0.0100126203826 256
1 0 0 1 0 0 0 1 0 0 0 0  0.989987884294 0.0100121157058 253
0 1 0 1 1 1 0 0 0 0 0 0  1.95757931846e-05 0.999980424207 252
0 0 0 0 0 0 0 0 0 0 1 0  0.985072124415 0.0149278755847 252
1 1 0 0 0 1 0 0 0 0 0 0  0.980196533953 0.019803466047 252
0 0 0 1 0 0 0 0 0 0 1 0  0.999986602407 1.33975930569e-05 245
1 0 0 0 0 0 0 0 1 1 0 0  0.980196037695 0.0198039623052 173
1 0 0 1 0 0 0 0 0 0 0 0  0.0746711911189 0.925328808881 169
0 0 0 0 0 0 1 0 0 0 1 1  0.0198039623052 0.980196037695 169
0 1 1 0 1 0 0 0 0 1 0 0  0.980193071767 0.0198069282326 164
1 0 0 0 1 0 1 0 0 0 0 1  0.999979400303 2.05996974262e-05 164
0 0 0 1 0 0 0 1 0 0 0 1  0.980194060744 0.0198059392556 163
0 0 0 0 0 1 0 0 1 0 0 0  0.0388254283463 0.961174571654 163
0 1 0 0 0 0 0 1 1 0 1 0  1.23730539385e-05 0.999987626946 163
1 0 0 0 1 0 1 0 0 0 1 0  2.88430050241e-05 0.999971156995 161
0 1 1 0 0 0 0 0 0 0 0 0  0.0570870275125 0.942912972488 159
0 0 0 0 0 0 0 1 0 0 1 1  0.980196037695 0.0198039623052 159
0 0 1 1 1 1 0 0 0 0 0 0  0.961184080484 0.0388159195157 157
1 0 0 0 0 0 0 1 1 0 1 0  0.999987626946 1.23730539385e-05 156
0 0 1 0 0 0 1 0 0 1 0 0  0.999976301055 2.36989454578e-05 156
0 0 0 1 0 0 0 1 0 1 0 0  0.999979400303 2.05996974262e-05 155
1 0 0 1 0 0 1 0 1 0 0 0  1.85553603628e-05 0.99998144464 155
0 0 1 1 1 0 0 1 0 0 0 0  0.961185979753 0.0388140202467 154
0 1 0 1 0 1 0 0 0 1 0 0  0.999972199194 2.78008062941e-05 154
0 1 1 0 1 0 0 0 1 0 0 0  2.67741366424e-05 0.999973225863 153
1 1 0 0 1 1 0 0 0 0 0 0  0.961180276542 0.0388197234584 153
0 1 0 0 1 0 1 0 0 0 1 0  0.99998144464 1.85553603628e-05 153
0 1 0 1 1 0 1 0 0 0 0 0  0.999966001028 3.39989717956e-05 152
0 1 0 0 0 1 1 0 0 0 0 1  0.999976301055 2.36989454578e-05 152
0 0 0 1 0 0 0 0 0 0 0 1  0.0388140193746 0.961185980625 152
1 0 1 0 1 0 1 0 0 0 0 0  0.999960889166 3.91108336368e-05 151
0 0 0 1 0 1 0 0 0 0 0 1  0.980193071767 0.0198069282326 151
1 0 0 0 0 0 1 0 1 0 0 1  0.999987628314 1.23716864406e-05 151
0 1 0 1 1 0 0 0 0 1 0 0  2.98673570548e-05 0.999970132643 150
0 1 0 1 1 0 0 1 0 0 0 0  3.91147101211e-05 0.99996088529 149
0 0 1 1 0 1 1 0 0 0 0 0  0.961178376908 0.0388216230917 148
0 1 0 0 0 0 0 0 1 1 0 0  0.0198039623052 0.980196037695 147
0 0 0 0 0 0 0 0 0 1 0 1  0.999984540143 1.54598566807e-05 147
0 1 0 1 0 1 1 0 0 0 0 0  3.39956132765e-05 0.999966004387 147
0 0 1 0 1 0 0 0 0 0 0 1  0.999972199194 2.78008062941e-05 147
0 0 1 0 1 0 1 0 0 0 1 0  2.88407978731e-05 0.999971159202 147
0 1 0 0 1 0 0 1 0 0 1 0  1.85553603628e-05 0.99998144464 146
0 1 0 0 0 0 0 0 0 1 0 1  0.999984540143 1.54598566807e-05 146
1 0 0 1 1 0 1 0 0 0 0 0  3.91147101211e-05 0.99996088529 146
0 0 1 0 0 0 1 1 0 0 1 0  0.961174571654 0.0388254283463 146
0 1 0 0 0 0 1 0 0 1 1 0  1.23716864406e-05 0.999987628314 146
1 0 0 1 0 0 0 1 1 0 0 0  0.999971156995 2.88430050241e-05 146
0 1 0 0 0 0 1 0 0 1 0 1  0.999984540143 1.54598566807e-05 145
0 0 1 0 0 0 0 0 0 0 1 0  0.0388254283463 0.961174571654 145
0 0 0 1 0 0 1 0 0 0 0 1  0.0388140193746 0.961185980625 144
1 0 0 0 0 0 0 0 1 0 0 1  0.999987628314 1.23716864406e-05 144
0 0 1 1 0 0 1 1 0 0 0 0  0.961180276542 0.0388197234584 144
1 0 0 0 1 0 0 1 0 0 1 0  0.999971156995 2.88430050241e-05 143
0 0 0 1 1 0 1 0 0 0 1 0  0.999969091495 3.09085048703e-05 143
1 1 0 0 1 0 0 0 0 1 0 0  0.980194060744 0.0198059392556 143
0 1 0 0 0 0 0 1 0 1 1 0  0.999987628314 1.23716864406e-05 143
0 0 0 1 1 0 0 1 0 0 1 0  3.09085048703e-05 0.999969091495 142
0 1 0 0 1 0 0 0 0 1 0 0  0.0388140193746 0.961185980625 141
0 0 0 0 0 1 1 0 0 0 0 0  0.0570870275125 0.942912972488 140
0 0 1 0 1 0 0 0 0 1 0 0  0.980193071767 0.0198069282326 140
0 0 0 0 0 0 0 0 1 1 0 0  0.0198039623052 0.980196037695 140
0 1 1 0 0 1 1 0 0 0 0 0  0.999967036813 3.29631866428e-05 140
0 1 0 0 0 0 1 0 1 0 1 0  0.999987626946 1.23730539385e-05 140
0 0 0 1 0 1 1 0 0 0 0 1  0.980193071767 0.0198069282326 140
0 1 0 0 1 0 0 0 0 0 0 1  2.47302392931e-05 0.999975269761 139
1 1 0 0 0 1 0 0 1 0 0 0  0.961174571654 0.0388254283463 139
0 1 0 1 0 0 1 0 1 0 0 0  0.99998144464 1.85553603628e-05 138
0 0 0 0 0 0 1 1 0 0 1 1  0.980196037695 0.0198039623052 138
1 0 0 0 1 0 0 0 0 1 0 0  0.980194060744 0.0198059392556 138
1 0 0 1 1 1 0 0 0 0 0 0  0.961185979753 0.0388140202467 137
0 1 1 0 1 0 1 0 0 0 0 0  3.39956132765e-05 0.999966004387 137
0 1 0 0 0 1 0 1 0 0 1 0  0.999981446425 1.85535747073e-05 137
0 0 0 1 1 0 0 0 0 1 0 0  2.98673570548e-05 0.999970132643 137
0 1 0 0 1 0 1 0 0 0 0 1  2.47302392931e-05 0.999975269761 136
0 1 0 0 0 1 1 0 0 0 1 0  1.85535747073e-05 0.999981446425 136
1 0 0 0 0 0 1 0 1 0 1 0  1.23730539385e-05 0.999987626946 136
0 1 1 0 1 1 0 0 0 0 0 0  0.961178376908 0.0388216230917 136
0 0 0 0 0 0 1 0 0 1 0 1  0.999984540143 1.54598566807e-05 136
0 0 0 1 0 0 1 1 0 0 0 1  0.980194060744 0.0198059392556 135
1 0 1 0 1 0 0 0 1 0 0 0  0.999973225863 2.67741366424e-05 135
1 0 0 1 1 0 0 0 1 0 0 0  3.09085048703e-05 0.999969091495 135
0 0 0 1 0 0 1 0 0 1 0 0  2.47302392931e-05 0.999975269761 135
0 1 0 1 0 1 0 1 0 0 0 0  0.999960889166 3.91108336368e-05 135
0 0 0 0 0 0 0 0 0 0 1 1  0.0198039623052 0.980196037695 134
0 0 1 0 1 0 0 1 0 0 1 0  0.999971159202 2.88407978731e-05 134
0 0 0 0 1 0 0 0 0 1 0 0  0.0388140193746 0.961185980625 134
0 1 0 1 0 1 0 0 1 0 0 0  2.88407978731e-05 0.999971159202 133
0 1 0 1 0 0 1 0 0 1 0 0  2.47302392931e-05 0.999975269761 133
0 1 1 0 0 0 1 0 0 1 0 0  0.999976301055 2.36989454578e-05 132
0 1 0 1 1 0 0 0 1 0 0 0  0.999969091495 3.09085048703e-05 132
0 0 0 0 0 0 1 0 0 1 1 0  1.23716864406e-05 0.999987628314 130
0 0 0 0 0 0 0 1 0 1 1 0  0.999987628314 1.23716864406e-05 129
0 1 0 1 0 0 0 1 0 1 0 0  0.999979400303 2.05996974262e-05 129
0 0 1 0 1 0 1 0 0 0 0 1  0.999972199194 2.78008062941e-05 128
0 1 0 1 0 0 0 1 1 0 0 0  2.88430050241e-05 0.999971156995 128
0 0 0 1 0 1 0 0 0 1 0 0  0.999972199194 2.78008062941e-05 126
1 0 0 1 1 0 0 1 0 0 0 0  0.961184080775 0.038815919225 126
0 1 0 0 0 0 1 0 1 0 0 1  1.23716864406e-05 0.999987628314 126
1 0 0 1 0 1 0 0 1 0 0 0  0.999971159202 2.88407978731e-05 125
1 0 0 0 1 0 0 0 0 0 0 1  0.999979400303 2.05996974262e-05 123
0 0 0 1 0 1 1 0 0 0 1 0  2.67741366424e-05 0.999973225863 123
0 1 0 0 0 0 0 0 1 0 0 1  1.23716864406e-05 0.999987628314 122
0 0 0 1 0 1 0 1 0 0 1 0  0.999973225863 2.67741366424e-05 122
0 0 0 1 1 0 1 0 0 0 0 1  2.98673570548e-05 0.999970132643 120
0 1 0 0 0 1 0 0 0 0 0 1  0.999976301055 2.36989454578e-05 119
0 0 0 1 1 0 0 0 0 0 0 1  2.98673570548e-05 0.999970132643 118
0 0 0 0 1 0 0 1 0 0 0 0  0.0746711911189 0.925328808881 118
0 1 1 0 0 0 1 0 1 0 0 0  1.85535747073e-05 0.999981446425 118
1 1 0 0 0 0 0 0 1 1 0 0  0.980196037695 0.0198039623052 118
1 0 1 0 0 0 1 0 1 0 0 0  0.999981446425 1.85535747073e-05 117
1 0 0 0 0 1 0 1 0 0 0 0  0.991975307986 0.00802469201387 23
0 0 0 1 0 1 1 1 0 0 0 0  0.0198064336939 0.980193566306 18
1 0 1 0 1 0 0 1 0 0 0 0  0.991228640066 0.00877135993353 18
0 0 1 0 0 1 0 0 0 0 0 1  0.991643493845 0.00835650615483 16
0 1 0 0 0 0 0 1 0 0 0 0  0.985069315007 0.014930684993 16
1 0 1 0 0 0 0 1 0 0 0 0  0.991975307986 0.00802469201387 16
1 0 1 0 1 1 0 0 0 0 0 0  0.98507012732 0.01492987268 15
0 0 0 0 1 1 0 1 0 0 0 0  0.0325676617336 0.967432338266 15
0 0 1 0 1 0 1 0 0 0 0 0  0.981582573687 0.0184174263134 14
0 0 1 1 0 1 0 1 0 0 0 0  0.98507012732 0.01492987268 14
1 0 1 0 0 0 1 1 0 0 0 0  0.972975778541 0.0270242214588 14
0 0 1 0 1 0 0 0 1 0 0 0  0.994963822065 0.0050361779346 13
0 0 1 1 1 0 0 0 0 0 0 1  0.0100123690989 0.989987630901 13
0 0 0 0 0 1 0 1 0 0 0 1  0.988016146122 0.011983853878 13
1 0 1 0 1 0 0 0 0 0 0 1  0.999983101897 1.68981033607e-05 13
0 1 0 1 1 0 0 0 0 0 0 0  0.0184175478384 0.981582452162 12
1 0 1 0 0 1 0 0 0 0 0 0  0.988018559984 0.011981440016 12
1 0 0 0 0 0 1 0 0 0 0 0  0.985069315007 0.014930684993 12
1 1 1 0 1 0 0 0 0 0 0 0  0.0198064336939 0.980193566306 12
0 0 0 0 0 1 0 1 0 1 0 0  0.999987338491 1.26615087663e-05 12
0 0 0 1 1 1 0 1 0 0 0 0  0.0262292883946 0.973770711605 12
0 0 0 1 0 0 0 0 0 1 0 0  0.988346202345 0.0116537976552 11
1 1 0 0 0 1 0 0 0 1 0 0  0.988347766566 0.0116522334344 11
0 0 0 1 1 0 1 0 0 0 0 0  0.0184175478384 0.981582452162 11
0 0 0 1 0 0 1 0 0 0 1 0  0.0165592267188 0.983440773281 11
1 0 1 1 1 0 1 0 0 0 0 0  0.0067029127387 0.993297087261 11
1 0 1 0 0 0 0 0 0 0 0 1  0.999987338491 1.26615087663e-05 11
0 0 1 0 1 1 0 1 0 0 0 0  0.976332461621 0.023667538379 11
0 1 0 1 1 1 0 1 0 0 0 0  0.0067029127387 0.993297087261 11
0 0 0 1 0 0 0 1 0 0 1 0  0.983440773281 0.0165592267188 11
0 1 1 0 0 1 0 0 1 0 0 0  0.0198051967392 0.980194803261 11
0 0 1 0 0 1 0 1 0 0 0 0  0.988018559984 0.011981440016 11
0 0 0 0 0 1 1 1 0 0 0 1  0.988016146122 0.011983853878 11
1 1 1 0 0 1 1 0 0 0 0 0  0.980182200463 0.0198177995375 11
1 0 1 0 1 0 0 1 0 0 1 0  0.994957916372 0.00504208362767 11
1 0 0 1 0 0 0 0 1 0 0 0  0.972972914964 0.0270270850363 11
1 0 0 0 0 1 0 0 0 1 0 0  0.988347766566 0.0116522334344 10
0 1 0 0 0 1 0 1 0 1 0 0  0.999987338491 1.26615087663e-05 10
0 1 1 0 1 0 0 1 0 0 0 0  0.0246312741334 0.975368725867 10
1 0 0 0 0 1 0 0 0 0 0 1  0.987522506019 0.012477493981 10
0 0 0 0 0 1 1 1 0 0 1 0  0.010008248344 0.989991751656 10
1 1 0 0 0 0 0 1 1 0 0 0  0.0222251757926 0.977774824207 10
1 0 0 1 0 1 0 1 0 0 0 0  0.991228640066 0.00877135993353 10
0 1 1 0 0 1 0 0 0 1 0 0  0.991643493845 0.00835650615483 10
0 0 0 1 0 1 0 0 0 0 1 0  0.994963822065 0.0050361779346 10
1 0 0 0 1 1 0 0 1 0 0 0  0.0388222586822 0.961177741318 10
0 1 0 1 0 0 0 1 0 0 0 0  0.991404879827 0.00859512017318 10
1 0 0 0 0 0 1 1 0 0 1 0  0.0222251757926 0.977774824207 10
0 0 0 0 0 1 1 0 0 1 1 0  1.58028569284e-05 0.999984197143 9
0 0 0 1 1 0 1 1 0 0 0 0  0.955011371103 0.0449886288965 9
0 0 1 1 1 0 0 0 0 0 1 0  0.986699375391 0.0133006246094 9
1 1 1 0 0 0 1 0 1 0 0 0  0.0149398610602 0.98506013894 9
0 1 0 0 0 1 0 1 1 0 0 0  0.00802787584025 0.99197212416 9
0 0 1 1 0 0 1 0 0 0 0 1  0.0294066683637 0.970593331636 9
0 0 0 1 0 1 1 1 0 0 1 0  0.0050361779346 0.994963822065 9
0 0 1 0 0 0 0 1 0 1 0 0  0.987522506019 0.012477493981 9
1 0 0 0 0 1 0 1 0 0 1 0  0.992466360796 0.00753363920352 9
0 0 0 0 0 1 1 1 0 0 0 0  0.0246320098348 0.975367990165 9
0 0 1 0 0 0 0 1 0 0 0 1  0.988347766566 0.0116522334344 9
1 0 0 0 1 0 1 0 0 0 0 0  0.991404879827 0.00859512017318 9
1 0 1 1 0 0 0 1 0 0 0 0  0.976332696944 0.0236673030556 9
1 0 1 1 1 1 0 0 0 0 0 0  0.970594786788 0.029405213212 9
1 0 0 1 0 0 1 1 0 0 1 0  0.00504182634441 0.994958173656 9
1 1 0 0 0 0 0 1 0 0 0 0  0.0388263779101 0.96117362209 8
1 0 1 0 1 0 1 0 0 0 0 1  0.999983101897 1.68981033607e-05 8
0 0 1 0 0 0 0 0 0 0 1 1  0.0198056103926 0.980194389607 8
1 0 1 0 1 0 1 0 0 0 1 0  0.00504208362767 0.994957916372 8
0 0 0 0 1 0 0 0 0 0 0 1  0.988346202345 0.0116537976552 8
0 1 0 0 1 0 0 0 1 0 0 0  0.0165592267188 0.983440773281 8
1 1 1 0 0 0 0 0 0 0 0 0  0.0246320098348 0.975367990165 8
0 1 0 1 0 0 0 0 1 0 0 0  0.0270270850363 0.972972914964 8
0 0 0 1 1 1 0 0 0 1 0 0  0.0100123690989 0.989987630901 8
1 1 1 0 1 0 0 0 0 1 0 0  0.985067003613 0.014932996387 8
0 1 1 0 0 1 1 0 0 0 0 1  0.993292175285 0.00670782471478 8
0 0 1 0 0 1 0 0 0 1 0 0  0.991643493845 0.00835650615483 8
1 0 1 0 0 0 0 1 1 0 1 0  0.98998636504 0.0100136349602 8
1 1 1 0 0 1 0 0 0 0 0 0  0.976330105983 0.0236698940171 8
1 1 1 0 1 0 0 0 1 0 0 0  0.0050361779346 0.994963822065 7
0 0 0 1 0 1 0 1 0 1 0 0  0.999983101897 1.68981033607e-05 7
1 0 1 0 0 0 1 0 0 0 0 1  0.999987338491 1.26615087663e-05 7
0 0 0 0 1 1 0 0 1 0 0 0  0.980197523606 0.0198024763938 7
0 0 0 0 0 1 0 1 0 1 1 0  0.999984197143 1.58028569284e-05 7
0 0 0 0 1 1 0 0 0 1 0 0  0.0294066683637 0.970593331636 7
0 1 1 0 0 1 1 0 1 0 0 0  0.0198178098225 0.980182190178 7
0 1 0 0 1 0 0 0 1 1 0 0  0.970596482107 0.0294035178926 7
0 1 1 1 0 0 1 0 0 0 0 0  0.980191425864 0.0198085741359 7
1 0 0 0 0 0 0 1 0 0 0 1  0.98752338405 0.0124766159499 7
1 0 0 0 0 1 0 0 1 1 0 0  0.980194389607 0.0198056103926 7
0 0 0 0 1 0 0 1 0 0 1 0  0.972972914964 0.0270270850363 7
1 0 1 0 0 0 1 1 1 0 0 0  0.980186640541 0.0198133594586 7
0 0 1 1 1 1 0 1 0 0 0 0  0.970594786788 0.029405213212 7
0 1 0 1 0 1 0 1 1 0 0 0  0.00504208362767 0.994957916372 7
1 0 1 0 0 0 1 0 0 0 1 0  0.00802787584025 0.99197212416 7
0 0 0 0 1 0 1 0 0 0 0 1  0.988346202345 0.0116537976552 7
1 1 0 0 0 1 0 1 0 0 0 0  0.972975778541 0.0270242214588 7
0 1 0 0 0 1 1 0 0 1 1 0  1.58028569284e-05 0.999984197143 7
1 1 1 0 1 1 0 0 0 0 0 0  0.970591392829 0.0294086071715 7
0 0 0 1 0 0 0 1 1 0 0 0  0.956536359918 0.0434636400825 6
0 0 0 0 1 0 0 1 1 0 0 0  0.994958173656 0.00504182634441 6
0 0 1 1 0 0 1 0 0 0 1 0  0.961177741318 0.0388222586822 6
0 0 0 1 0 1 1 1 0 0 0 1  0.985067003613 0.014932996387 6
1 0 1 0 1 0 0 0 1 1 0 0  0.94290292195 0.0570970780503 6
1 0 1 0 0 1 1 0 0 0 0 0  0.980189859144 0.0198101408561 6
0 0 0 1 0 0 0 0 1 0 0 0  0.0262246249772 0.973775375023 6
1 0 0 1 1 0 1 0 0 0 0 1  0.0133011812909 0.986698818709 6
0 0 1 0 1 0 1 1 0 0 0 1  0.975368971294 0.0246310287059 6
0 0 1 0 1 1 0 0 0 1 0 0  0.973773206355 0.0262267936447 6
1 0 0 0 0 0 1 1 0 0 0 0  0.0388263779101 0.96117362209 6
0 0 1 0 0 0 0 0 0 1 0 1  0.996629396148 0.00337060385186 6
0 0 1 0 0 0 1 1 0 0 1 1  0.980194389607 0.0198056103926 6
0 0 0 0 0 1 0 0 0 0 1 0  0.989991751656 0.010008248344 6
1 0 1 0 1 1 1 0 0 0 0 0  0.961187876949 0.038812123051 6
0 0 1 1 0 0 0 0 0 0 0 1  0.0294066683637 0.970593331636 6
0 1 1 0 0 1 0 0 0 0 0 1  0.993292175285 0.00670782471478 6
0 1 0 1 0 1 0 0 0 0 0 0  0.981582573687 0.0184174263134 6
0 0 1 0 0 0 0 0 1 0 0 0  0.989991751656 0.010008248344 6
1 0 1 0 0 0 0 1 0 0 1 0  0.99197212416 0.00802787584025 6
0 0 1 1 0 1 0 0 0 0 0 1  0.973773206355 0.0262267936447 6
0 0 0 1 1 0 0 1 0 1 0 0  0.0133011812909 0.986698818709 6
0 1 1 0 1 0 1 0 0 0 0 1  0.0100151461618 0.989984853838 6
0 1 1 1 1 0 1 0 0 0 0 0  0.951953413406 0.0480465865937 6
0 0 1 0 0 1 1 0 0 0 1 0  0.0198051967392 0.980194803261 6
0 0 1 1 1 0 1 1 0 0 1 0  0.0133006246094 0.986699375391 6
0 1 1 0 0 0 1 0 0 1 0 1  0.996629396148 0.00337060385186 6
0 0 0 0 0 0 0 1 1 0 1 0  0.985061130733 0.0149388692675 6
0 0 1 0 0 0 1 1 0 0 0 1  0.988347766566 0.0116522334344 6
0 1 0 0 1 1 1 0 0 0 0 0  0.980191425864 0.0198085741359 6
0 0 1 1 0 0 0 0 0 0 1 0  0.980197523606 0.0198024763938 6
0 1 1 1 0 1 0 0 0 0 0 0  0.044990503991 0.955009496009 6
0 0 0 0 0 0 0 1 1 0 0 0  0.977774824207 0.0222251757926 6
1 0 0 1 0 0 1 1 0 0 0 0  0.0222265277077 0.977773472292 6
1 0 0 0 0 0 0 1 0 0 1 1  0.980192081329 0.0198079186708 6
1 0 0 0 0 0 0 0 0 0 1 1  0.0198079186708 0.980192081329 6
0 0 1 0 0 1 1 0 0 0 0 1  0.991643493845 0.00835650615483 6
0 1 1 0 0 0 0 1 1 0 0 0  0.00753363920352 0.992466360796 6
0 1 0 0 0 0 0 1 0 0 1 0  0.980194390326 0.0198056096741 6
1 0 1 1 1 0 0 1 0 0 0 0  0.970594786726 0.0294052132738 6
0 1 0 0 1 1 0 1 0 0 0 0  0.0132976180623 0.986702381938 6
0 1 0 0 0 1 0 1 0 0 0 1  0.989976279194 0.0100237208056 6
0 0 1 0 0 0 0 1 0 0 1 1  0.980194389607 0.0198056103926 6
1 1 0 0 0 1 0 0 1 1 0 0  0.980194389607 0.0198056103926 6
1 0 1 1 0 0 0 0 0 0 0 0  0.0325676617336 0.967432338266 6
1 1 0 0 1 1 0 0 1 0 0 0  0.0198024763938 0.980197523606 5
1 0 0 0 1 1 0 1 0 0 0 0  0.976332696944 0.0236673030556 5
0 1 1 0 0 1 0 1 0 0 0 0  0.980189859144 0.0198101408561 5
0 1 0 1 1 1 0 1 0 0 1 0  3.29579917329e-05 0.999967042008 5
0 0 1 0 0 0 0 0 1 1 0 0  0.0294103050446 0.970589694955 5
0 0 1 1 0 0 1 1 0 0 1 0  0.0198024763938 0.980197523606 5
0 0 0 1 1 0 1 1 0 0 0 1  0.03413504914 0.96586495086 5
1 0 0 0 0 0 0 1 0 1 0 0  0.98752338405 0.0124766159499 5
0 0 0 0 0 1 1 0 0 1 0 1  0.996629396148 0.00337060385186 5
0 0 1 1 0 1 1 0 0 0 0 1  0.973773206355 0.0262267936447 5
0 1 0 0 0 0 0 1 1 0 0 1  0.010012626199 0.989987373801 5
1 1 0 0 1 0 0 1 1 0 0 0  0.00504182634441 0.994958173656 5
0 1 0 0 1 0 1 0 0 0 0 0  0.0388235233308 0.961176476669 5
1 0 0 0 0 1 1 0 0 0 1 0  0.00753363920352 0.992466360796 5
0 1 0 1 1 0 1 1 0 0 1 0  0.99996344211 3.65578897601e-05 5
0 0 1 1 0 0 0 0 0 1 0 0  0.0571103370329 0.942889662967 5
0 1 0 0 0 1 0 0 0 1 0 1  0.996629396148 0.00337060385186 5
0 1 1 0 0 0 1 1 1 0 0 0  0.0198133594586 0.980186640541 5
1 1 0 0 1 0 0 1 0 1 0 0  0.97059066628 0.0294093337196 5
1 0 0 1 0 1 0 0 0 1 0 0  0.975368971294 0.0246310287059 5
0 1 0 1 1 0 0 1 0 1 0 0  0.0133011812909 0.986698818709 5
0 0 1 1 1 1 1 0 0 0 0 0  0.0222240052759 0.977775994724 5
1 0 0 0 0 1 0 1 1 0 0 0  0.99197212416 0.00802787584025 5
0 0 0 1 1 0 0 1 0 0 0 1  0.03413504914 0.96586495086 5
1 0 0 0 1 0 1 1 0 0 0 1  0.980194556092 0.0198054439078 5
0 1 1 0 1 1 0 0 0 1 0 0  0.973773206355 0.0262267936447 5
1 0 1 0 0 0 1 0 1 0 0 1  0.999984197143 1.58028569284e-05 5
0 0 1 0 0 0 1 0 0 0 1 1  0.0198056103926 0.980194389607 5
0 1 1 1 0 0 0 0 0 0 0 0  0.975371541584 0.0246284584164 5
1 1 0 1 0 0 0 0 1 0 0 0  0.973775375023 0.0262246249772 5
1 1 0 0 1 0 0 1 0 0 0 0  0.0222265277077 0.977773472292 5
0 0 1 0 0 1 0 0 0 0 1 0  0.0571043947404 0.94289560526 5
1 0 0 1 0 0 0 1 0 0 0 1  0.97059066628 0.0294093337196 5
1 1 0 1 1 0 0 0 1 0 0 0  0.947404936897 0.0525950631029 5
0 0 0 1 0 0 1 0 1 0 0 0  0.0149401113634 0.985059888637 5
0 1 0 1 0 1 1 1 0 0 0 0  0.0149518376626 0.985048162337 5
0 1 0 0 1 1 0 0 0 1 0 0  0.0294066683637 0.970593331636 5
1 0 0 0 1 1 0 0 0 1 0 0  0.973774507023 0.0262254929765 5
0 1 0 1 1 0 1 0 0 1 1 0  0.999952641885 4.73581148439e-05 5
1 0 0 1 0 0 0 0 0 0 1 0  0.994958173656 0.00504182634441 5
0 1 1 1 1 1 0 0 0 0 0 0  0.0222240052759 0.977775994724 5
1 0 0 1 0 0 1 1 0 0 0 1  0.97059066628 0.0294093337196 5
0 0 0 0 0 1 1 0 0 0 1 1  0.0294103050446 0.970589694955 5
0 1 1 0 0 0 0 1 0 1 0 0  0.987522506019 0.012477493981 5
0 1 0 0 0 1 1 0 1 0 0 1  0.0149376193474 0.985062380653 5
0 1 0 0 1 0 0 1 0 1 0 0  0.0262256013766 0.973774398623 5
0 0 0 0 0 0 1 0 0 1 0 0  0.970587916962 0.0294120830384 5
0 1 0 1 1 0 1 0 1 0 1 0  4.94440998949e-05 0.9999505559 5
0 0 1 0 0 0 1 0 1 0 0 0  0.98506013894 0.0149398610602 5
0 0 1 1 0 0 1 1 0 0 0 1  0.973774507023 0.0262254929765 5
1 0 0 0 0 0 0 1 0 1 1 0  0.989987373801 0.010012626199 5
0 0 1 0 1 1 0 1 0 0 1 0  0.980189120618 0.0198108793822 5
0 1 0 0 0 0 1 1 0 1 0 1  0.989987376375 0.0100126236251 5
1 1 0 0 0 0 1 0 1 1 0 1  0.980185154878 0.0198148451224 5
1 1 0 1 1 1 0 0 1 0 0 0  0.0133006246094 0.986699375391 5
1 0 1 1 0 1 0 0 0 0 0 0  0.976332461621 0.023667538379 5
0 0 1 0 0 1 1 1 0 0 0 0  0.976330105983 0.0236698940171 5
1 0 1 0 0 0 0 0 0 1 0 0  0.988016146122 0.011983853878 5
0 0 0 0 1 0 1 0 0 0 1 0  0.0270270850363 0.972972914964 5
0 1 1 1 1 0 0 0 0 1 0 0  0.0341348091814 0.965865190819 5
1 0 1 1 0 0 1 0 0 0 0 0  0.0132976180623 0.986702381938 5
1 1 1 0 0 0 0 0 0 1 0 0  0.988016146122 0.011983853878 5
0 1 0 0 0 0 1 0 0 0 0 1  0.970587916962 0.0294120830384 5
1 1 0 1 1 0 0 0 0 0 0 0  0.955011371103 0.0449886288965 4
0 1 1 0 1 1 0 1 0 0 0 0  0.942905661372 0.0570943386282 4
0 1 0 1 0 0 1 0 0 0 0 0  0.0388235233308 0.961176476669 4
0 0 1 0 0 0 0 1 0 1 1 0  0.985062380653 0.0149376193474 4
0 0 1 0 0 1 0 1 0 0 1 0  0.980194803261 0.0198051967392 4
0 1 1 0 0 0 0 0 1 0 0 1  1.58028569284e-05 0.999984197143 4
0 1 1 0 0 1 0 0 0 0 1 0  0.0388273150662 0.961172684934 4
0 0 0 0 1 0 1 1 0 0 0 0  0.972979553935 0.0270204460649 4
0 1 0 0 0 0 1 1 0 1 1 0  0.0149301250847 0.985069874915 4
0 1 0 1 0 1 0 0 0 0 1 0  0.999963445728 3.65542720454e-05 4
0 1 1 0 0 0 0 1 1 0 1 0  0.0100136349602 0.98998636504 4
0 0 0 0 0 0 0 0 1 0 0 1  0.985069874915 0.0149301250847 4
0 0 1 0 0 1 1 0 0 1 0 0  0.993292175285 0.00670782471478 4
1 1 0 1 1 0 0 1 0 0 0 0  0.0434434133341 0.956556586666 4
0 1 1 1 0 1 0 0 1 0 0 0  0.0198108793822 0.980189120618 4
0 0 0 0 0 0 1 0 1 0 1 0  0.0149388692675 0.985061130733 4
0 0 1 0 1 1 1 0 0 0 0 0  0.044990503991 0.955009496009 4
0 1 1 0 1 0 0 1 1 0 0 0  0.0100257289488 0.989974271051 4
0 1 0 0 0 1 0 1 0 1 1 0  0.999984197143 1.58028569284e-05 4
1 1 0 1 0 0 0 1 1 0 0 0  0.0434636400825 0.956536359918 4
1 0 1 1 1 0 0 0 1 0 0 0  0.0198163179199 0.98018368208 4
1 0 0 0 0 1 1 0 1 0 1 0  0.0100136349602 0.98998636504 4
0 1 0 0 1 1 0 1 0 0 1 0  0.0198064344495 0.980193565551 4
0 1 0 0 0 0 1 1 1 0 1 0  0.985061130733 0.0149388692675 4
0 1 1 0 1 1 1 0 0 0 0 1  0.942916626596 0.0570833734038 4
1 0 0 1 1 0 1 1 0 0 1 0  0.0198079152412 0.980192084759 4
1 0 0 1 0 1 0 1 1 0 0 0  0.994957916372 0.00504208362767 4
1 1 1 0 0 0 1 0 0 1 0 0  0.989976279194 0.0100237208056 4
0 1 0 0 0 0 0 1 0 1 0 1  0.989987376375 0.0100126236251 4
1 0 0 0 0 0 1 1 0 0 0 1  0.98752338405 0.0124766159499 4
1 1 0 0 0 0 0 1 1 1 0 0  0.980192081329 0.0198079186708 4
0 1 0 1 1 1 0 0 0 1 0 0  0.0100123690989 0.989987630901 4
0 1 0 1 0 1 1 1 0 0 1 0  3.65542720454e-05 0.999963445728 4
1 0 1 0 1 0 0 0 0 1 0 0  0.985067003613 0.014932996387 4
1 0 0 1 1 0 1 0 0 0 1 0  0.970585819392 0.0294141806079 4
0 1 1 0 1 0 0 0 1 0 0 1  4.32178381317e-05 0.999956782162 4
1 0 0 1 1 1 0 1 0 0 0 0  0.970594786726 0.0294052132738 4
0 1 1 0 0 0 1 0 0 1 1 0  0.0149376193474 0.985062380653 4
1 0 0 1 0 1 1 0 1 0 0 0  0.0246396001596 0.97536039984 4
0 0 0 1 1 1 1 0 0 0 0 0  0.955010641914 0.0449893580855 4
0 0 0 1 1 1 1 0 0 0 0 1  0.0341348091814 0.965865190819 4
1 0 0 1 0 0 0 0 0 0 0 1  0.0262256013766 0.973774398623 4
1 1 0 0 0 0 0 0 1 0 0 1  0.0149301250847 0.985069874915 4
1 1 0 0 0 0 1 0 1 0 1 0  0.985061130733 0.0149388692675 4
0 1 0 0 0 0 0 0 0 1 1 0  0.985069874915 0.0149301250847 4
1 1 0 0 1 0 0 0 0 0 0 1  0.0149406124547 0.985059387545 4
1 0 0 0 0 1 1 0 0 0 0 1  0.987522506019 0.012477493981 4
1 0 0 0 1 0 1 1 0 0 0 0  0.0659851679485 0.934014832051 4
1 1 0 0 0 0 0 1 0 1 0 0  0.98752338405 0.0124766159499 4
0 0 0 0 1 1 1 0 0 0 1 0  0.961181229075 0.0388187709246 4
0 0 0 0 0 0 0 1 0 1 0 1  0.989987376375 0.0100126236251 4
0 0 1 0 1 1 1 0 0 0 0 1  0.965872626561 0.034127373439 4
1 0 1 1 0 1 1 0 0 0 0 0  0.942905661372 0.0570943386282 4
1 0 1 1 1 0 1 0 1 0 0 0  3.29579917329e-05 0.999967042008 4
0 0 0 0 1 0 1 0 0 1 0 0  0.985059642024 0.0149403579759 4
0 1 0 1 0 0 0 1 0 1 0 1  0.980191093719 0.0198089062813 4
1 1 0 0 0 0 0 0 0 1 0 1  0.989987376375 0.0100126236251 4
0 0 1 0 1 1 1 0 0 0 1 0  0.0198108793822 0.980189120618 4
1 0 0 0 1 0 0 0 1 0 0 0  0.983440773281 0.0165592267188 4
1 0 0 1 1 0 0 1 0 1 0 0  0.942917539173 0.0570824608267 4
0 1 0 0 0 0 0 0 1 0 1 0  0.0149388692675 0.985061130733 4
0 1 0 1 0 0 1 1 0 1 0 0  0.0149406124547 0.985059387545 4
1 1 0 1 0 1 0 1 0 0 0 0  0.951968315271 0.0480316847288 4
0 1 1 0 0 0 1 0 1 0 1 0  0.98998636504 0.0100136349602 4
1 1 0 0 0 1 1 0 0 0 1 0  0.0198133594586 0.980186640541 4
0 1 0 1 1 0 1 0 0 1 0 1  0.0100312718875 0.989968728112 4
0 0 1 0 0 1 0 0 1 0 0 0  0.0571043947404 0.94289560526 4
0 1 1 0 0 0 0 0 0 1 0 1  0.996629396148 0.00337060385186 4
0 1 1 1 0 1 1 0 0 0 0 0  0.0434568156351 0.956543184365 4
0 1 0 1 0 1 1 0 1 0 0 0  0.97536039984 0.0246396001596 4
1 1 1 0 0 0 0 0 1 0 0 0  0.010008248344 0.989991751656 4
0 1 1 0 0 0 1 0 0 0 0 1  0.0831803414375 0.916819658562 4
0 1 1 0 0 1 1 1 0 0 0 0  0.980182200463 0.0198177995375 4
1 1 0 0 1 0 1 0 0 0 0 1  0.0149406124547 0.985059387545 4
0 1 1 1 0 0 0 0 0 1 0 0  0.0571103370329 0.942889662967 4
0 0 0 1 1 0 0 0 1 1 0 0  0.980180227644 0.0198197723556 4
0 0 0 1 1 0 1 0 1 0 0 0  3.65578897601e-05 0.99996344211 4
1 1 0 1 1 0 0 1 1 0 0 0  0.0198079152412 0.980192084759 4
1 1 0 0 1 1 0 1 0 0 0 0  0.942902920783 0.0570970792172 4
0 0 1 1 1 0 1 0 0 0 0 1  0.0100123690989 0.989987630901 4
0 0 0 0 0 0 1 0 1 0 0 1  0.985069874915 0.0149301250847 4
1 1 0 0 0 0 0 1 1 0 1 0  0.0149388692675 0.985061130733 4
0 1 1 1 0 0 1 0 1 0 0 0  0.980193565551 0.0198064344495 4
0 0 0 0 1 0 0 0 1 0 0 1  0.999977335764 2.26642360221e-05 4
0 1 1 1 1 0 0 1 1 0 0 0  0.0388254144899 0.96117458551 4
1 1 0 0 1 0 0 0 1 0 0 1  2.26642360221e-05 0.999977335764 4
0 1 0 0 0 0 1 1 1 0 0 0  0.970579997194 0.0294200028056 4
1 0 0 0 0 0 1 1 1 0 1 0  0.0149388692675 0.985061130733 4
0 1 0 1 0 0 0 0 0 0 0 1  0.985059642024 0.0149403579759 4
1 0 0 0 1 0 0 1 0 1 1 0  0.980180212526 0.0198197874736 4
0 1 0 0 0 1 1 1 0 0 0 0  0.0294141764572 0.970585823543 4
1 1 0 1 1 0 0 1 0 1 0 0  0.942917539173 0.0570824608267 3
1 0 1 0 0 0 0 0 1 0 0 1  0.999984197143 1.58028569284e-05 3
0 0 0 1 1 0 1 0 0 0 1 1  0.980180227644 0.0198197723556 3
0 0 1 0 1 0 0 0 0 0 1 0  0.956550709836 0.0434492901642 3
0 1 0 1 1 0 0 0 0 0 0 1  0.934040390311 0.065959609689 3
0 0 1 1 0 0 0 1 0 1 0 0  0.975374598299 0.0246254017009 3
1 1 1 0 0 1 1 0 1 0 0 0  0.961172684934 0.0388273150662 3
1 0 1 1 1 0 1 1 0 0 0 0  0.892099757502 0.107900242498 3
0 0 1 1 1 0 1 0 0 0 1 0  0.961174574805 0.0388254251951 3
0 0 0 0 0 1 0 1 0 0 1 1  0.970589694955 0.0294103050446 3
0 0 0 1 0 0 0 1 0 1 0 1  0.980191093719 0.0198089062813 3
0 1 0 0 1 0 0 1 0 1 1 0  0.0388073693549 0.961192630645 3
0 0 0 0 1 0 0 1 0 1 0 0  0.0262256013766 0.973774398623 3
1 0 1 1 1 1 1 0 0 0 0 0  0.892114436844 0.107885563156 3
0 0 0 1 0 0 0 0 0 1 0 1  0.057109874241 0.942890125759 3
0 0 0 1 0 1 1 0 0 1 0 0  0.0100151461618 0.989984853838 3
1 0 1 0 0 0 1 1 0 0 1 0  0.951947819662 0.0480521803383 3
0 1 1 0 0 0 0 1 0 0 1 0  0.057063293857 0.942936706143 3
1 0 0 1 1 0 1 1 0 0 0 0  0.0434434133341 0.956556586666 3
0 1 0 0 1 0 0 1 0 0 1 1  0.0198247360248 0.980175263975 3
1 0 0 0 0 0 1 0 0 0 1 1  0.0198079186708 0.980192081329 3
0 0 0 1 0 1 1 0 0 0 1 1  0.0570970780503 0.94290292195 3
1 1 0 0 1 1 0 0 0 1 0 0  0.973774507023 0.0262254929765 3
0 0 1 0 0 1 1 1 0 0 1 0  0.94289560526 0.0571043947404 3
0 1 0 1 1 0 0 0 1 1 0 0  0.980180227644 0.0198197723556 3
1 0 0 0 0 0 1 0 1 0 1 1  0.0198099007016 0.980190099298 3
1 0 1 1 0 0 1 1 1 0 0 0  0.961163174985 0.0388368250145 3
0 0 0 0 1 0 0 0 0 0 1 0  0.0262246249772 0.973775375023 3
0 0 0 1 0 1 0 0 1 0 0 0  0.956550709836 0.0434492901642 3
0 0 1 0 1 0 1 1 0 0 0 0  0.0449874830501 0.95501251695 3
1 1 0 0 1 1 1 0 0 0 0 1  0.961188825477 0.0388111745234 3
1 0 1 0 0 0 0 1 1 0 0 0  0.992466360796 0.00753363920352 3
1 0 0 1 0 0 1 0 0 0 0 1  0.0262256013766 0.973774398623 3
1 0 1 0 1 0 1 1 0 0 1 0  0.925346395554 0.0746536044461 3
0 0 0 1 1 1 0 0 0 0 0 1  0.0341348091814 0.965865190819 3
0 1 0 1 0 0 1 1 1 0 1 0  0.999976300004 2.36999955225e-05 3
0 1 0 1 0 0 0 0 1 0 1 0  2.36999955225e-05 0.999976300004 3
0 0 0 0 0 1 0 0 1 1 0 0  0.0198056103926 0.980194389607 3
1 0 0 1 0 0 1 0 0 1 0 0  0.0100247315742 0.989975268426 3
1 1 0 0 0 0 0 1 0 0 1 0  0.0294200028056 0.970579997194 3
1 1 1 0 1 0 0 0 1 1 0 0  0.94290292195 0.0570970780503 3
1 0 0 0 1 1 0 1 0 0 1 0  0.980184173939 0.0198158260613 3
0 1 1 1 0 1 0 0 0 1 0 0  0.965872626561 0.034127373439 3
1 0 0 1 1 0 1 0 1 0 1 0  0.9999505559 4.94440998949e-05 3
1 0 0 1 0 0 1 1 1 0 0 0  0.0149433645109 0.985056635489 3
0 1 0 1 0 1 0 1 0 1 0 0  0.999983101897 1.68981033607e-05 3
0 1 1 0 0 1 1 0 0 1 0 0  0.993292175285 0.00670782471478 3
1 0 1 0 0 0 0 0 1 1 0 0  0.970589694955 0.0294103050446 3
0 0 0 1 1 0 1 1 0 0 1 0  0.947404936897 0.0525950631029 3
1 1 0 1 1 1 0 0 0 1 0 0  0.925336724342 0.0746632756585 3
0 0 0 1 0 0 1 0 0 0 1 1  0.970596482107 0.0294035178926 3
0 0 1 1 1 0 0 1 0 0 1 0  0.0388254251951 0.961174574805 3
0 0 0 0 0 1 0 0 0 0 1 1  0.0294103050446 0.970589694955 3
1 0 1 1 1 1 0 0 1 0 0 0  0.961195467608 0.0388045323919 3
1 0 0 0 1 0 0 1 0 0 0 1  0.980194556092 0.0198054439078 3
0 1 1 0 0 1 0 1 0 0 1 0  0.980182190178 0.0198178098225 3
0 0 1 1 0 1 1 1 0 0 0 0  0.970591392829 0.0294086071715 3
0 1 0 0 0 1 1 1 0 0 0 1  0.989976279194 0.0100237208056 3
0 0 1 1 1 0 1 0 0 1 0 0  0.0100206912358 0.989979308764 3
0 1 1 0 0 0 1 0 1 0 0 1  1.58028569284e-05 0.999984197143 3
1 0 0 1 0 1 1 0 0 0 0 1  0.970590666552 0.0294093334477 3
0 0 1 1 0 0 0 1 0 0 1 0  0.0388222586822 0.961177741318 3
0 0 0 0 1 0 1 0 1 0 0 1  0.999977335764 2.26642360221e-05 3
0 0 0 0 0 0 0 0 1 1 0 1  0.0198148451224 0.980185154878 3
0 0 0 1 0 0 0 0 0 1 1 0  0.999977335764 2.26642360221e-05 3
1 1 0 1 0 1 0 0 0 0 0 0  0.0449874830501 0.95501251695 3
0 0 0 0 0 0 0 1 0 1 1 1  0.980185154878 0.0198148451224 3
0 1 0 0 0 0 0 0 0 1 1 1  0.0198148451224 0.980185154878 3
1 0 0 0 0 1 1 0 0 0 0 0  0.0746597618855 0.925340238114 3
1 0 0 0 1 1 1 0 0 0 0 1  0.975374598299 0.0246254017009 3
1 1 0 1 0 0 0 0 0 1 0 0  0.107888840528 0.892111159472 3
0 1 0 0 0 1 1 0 0 0 0 0  0.964292640684 0.0357073593159 3
1 1 0 0 1 0 0 0 1 1 0 0  0.0294035178926 0.970596482107 3
0 1 0 1 0 1 1 0 1 0 1 0  0.999954699964 4.53000358353e-05 3
0 1 1 0 1 0 1 0 1 0 0 1  4.32178381317e-05 0.999956782162 3
1 1 1 0 0 1 0 0 1 0 0 0  0.94289560526 0.0571043947404 3
0 0 0 0 1 1 0 0 0 0 0 1  0.0571103370329 0.942889662967 3
0 1 1 1 1 0 0 1 0 0 0 0  0.0434445888877 0.956555411112 3
0 0 0 0 1 1 0 1 0 0 1 0  0.0388187709246 0.961181229075 3
0 1 0 0 1 0 1 1 0 0 1 0  0.985059888637 0.0149401113634 3
1 0 1 0 0 1 0 0 1 0 0 0  0.980194803261 0.0198051967392 3
1 0 0 1 1 0 1 0 1 0 0 1  4.73581148439e-05 0.999952641885 3
0 0 0 0 0 0 1 1 0 1 0 1  0.989987376375 0.0100126236251 3
0 1 0 0 1 1 1 0 0 0 0 1  0.034143448787 0.965856551213 3
0 0 0 0 0 1 0 0 1 0 0 1  0.0388320772369 0.961167922763 3
1 0 1 1 1 0 0 0 0 0 0 0  0.0262292883946 0.973770711605 3
1 0 0 1 1 0 0 0 0 0 1 0  0.980192084759 0.0198079152412 3
0 1 0 1 0 0 1 0 0 0 0 1  0.985059642024 0.0149403579759 3
0 0 1 0 0 0 1 0 0 1 1 0  0.0149376193474 0.985062380653 3
0 1 0 0 1 0 1 1 0 0 0 1  0.0100247315742 0.989975268426 3
0 0 1 1 0 0 1 0 0 1 0 0  0.034143448787 0.965856551213 3
0 1 1 0 1 0 0 0 0 0 1 0  0.961175533576 0.0388244664239 3
0 0 0 0 0 0 0 1 1 1 1 0  0.0198099007016 0.980190099298 3
0 1 0 0 0 0 1 0 0 1 0 0  0.970587916962 0.0294120830384 3
0 1 0 0 1 0 1 0 0 0 1 1  0.980175263975 0.0198247360248 3
1 0 1 1 0 0 0 0 1 0 0 0  0.0388187709246 0.961181229075 3
0 0 1 1 0 0 0 1 0 0 0 1  0.973774507023 0.0262254929765 3
0 0 1 1 1 0 0 0 0 1 0 0  0.0341348091814 0.965865190819 3
0 0 0 0 0 1 1 0 1 0 1 0  0.961165071846 0.0388349281542 3
0 1 0 1 1 0 0 1 0 1 1 0  4.73581148439e-05 0.999952641885 3
1 0 1 0 0 0 0 0 0 0 1 0  0.0480521803383 0.951947819662 3
0 1 0 1 1 0 0 1 1 0 0 0  0.970585819392 0.0294141806079 3
0 0 0 1 1 1 0 1 0 0 1 0  0.0198163179199 0.98018368208 3
0 1 0 0 0 1 0 0 1 0 0 1  0.0149376193474 0.985062380653 3
0 1 1 0 0 0 1 0 0 0 0 0  0.964292640684 0.0357073593159 3
0 0 1 1 1 0 0 1 0 1 0 0  0.942920277661 0.0570797223391 3
0 1 0 1 0 1 0 0 1 0 0 1  0.0198148378591 0.980185162141 3
1 0 0 0 0 0 1 0 0 1 1 0  0.010012626199 0.989987373801 3
0 1 0 0 0 0 0 1 1 1 0 0  0.0198079186708 0.980192081329 3
1 1 0 0 0 0 0 0 0 0 0 1  0.0294083654085 0.970591634591 3
0 0 1 1 1 1 0 0 0 1 0 0  0.925333211402 0.0746667885982 3
0 1 0 0 0 0 0 1 1 0 1 1  0.0198099007016 0.980190099298 3
0 1 0 0 0 0 0 0 0 0 0 1  0.970587916962 0.0294120830384 3
0 0 0 0 1 1 1 0 0 0 0 0  0.975371541584 0.0246284584164 3
0 1 0 1 0 1 0 1 0 0 0 1  0.98017232437 0.0198276756301 3
1 0 0 1 0 1 1 0 0 0 0 0  0.0246312741334 0.975368725867 3
0 1 0 0 1 0 1 1 0 0 0 0  0.970586792042 0.029413207958 3
1 0 0 1 1 0 0 1 1 0 1 0  4.94440998949e-05 0.9999505559 3
1 0 0 1 0 1 1 0 0 0 1 0  0.0100257289488 0.989974271051 3
0 1 0 0 1 1 1 0 0 0 1 0  0.980193565551 0.0198064344495 3
1 1 1 0 1 0 1 0 0 1 0 0  0.98017232437 0.0198276756301 3
0 1 0 0 0 0 1 1 1 0 0 1  0.010012626199 0.989987373801 3
0 0 1 0 1 0 1 0 1 0 0 0  0.999963445728 3.65542720454e-05 3
0 1 1 1 0 1 0 1 0 0 0 0  0.961187876949 0.038812123051 3
0 1 1 1 1 1 0 0 0 1 0 0  0.925333211402 0.0746667885982 3
1 1 0 1 1 0 0 0 0 1 0 0  0.03413504914 0.96586495086 3
0 1 0 1 0 1 1 0 0 1 0 0  0.0100151461618 0.989984853838 3
0 0 0 0 0 1 0 0 0 1 0 1  0.996629396148 0.00337060385186 3
1 1 0 1 1 0 1 0 0 1 0 0  0.0198286659691 0.980171334031 3
0 1 1 0 0 0 0 0 1 1 0 0  0.0294103050446 0.970589694955 3
0 1 1 1 1 0 1 0 1 0 0 0  0.999967042008 3.29579917329e-05 3
0 1 1 0 1 0 1 1 0 0 1 0  0.0388244664239 0.961175533576 2
1 1 0 1 1 0 1 0 0 0 0 0  0.985047911482 0.0149520885184 2
0 0 0 0 0 1 1 0 1 0 0 1  0.0388320772369 0.961167922763 2
1 0 0 1 0 0 0 0 0 1 0 0  0.107888840528 0.892111159472 2
0 1 0 1 1 1 0 0 1 0 0 0  0.961174574805 0.0388254251951 2
0 1 0 0 0 1 1 0 1 0 1 0  0.98998636504 0.0100136349602 2
0 1 1 1 0 0 1 0 0 1 0 0  0.034143448787 0.965856551213 2
1 0 0 1 0 0 1 1 1 0 1 0  2.36999955225e-05 0.999976300004 2
0 1 0 0 0 0 0 0 1 1 0 1  0.0198148451224 0.980185154878 2
0 1 0 1 1 1 1 0 0 0 0 0  0.951953413406 0.0480465865937 2
1 1 0 1 1 0 1 0 1 0 0 0  0.99996344211 3.65578897601e-05 2
1 1 0 0 1 0 1 0 1 0 1 0  0.999976300004 2.36999955225e-05 2
0 0 0 1 1 1 1 0 0 0 1 0  0.98018368208 0.0198163179199 2
1 0 0 1 1 0 0 0 1 1 0 0  0.0198197723556 0.980180227644 2
0 0 0 0 1 0 1 1 0 0 0 1  0.107888840528 0.892111159472 2
1 0 0 1 0 0 1 0 1 1 0 0  0.0198247360248 0.980175263975 2
1 1 0 1 0 1 1 0 0 0 0 0  0.0198187874319 0.980181212568 2
0 0 0 0 0 1 1 0 0 1 0 0  0.0831803414375 0.916819658562 2
0 1 0 1 0 0 1 0 0 0 1 0  4.01534106725e-05 0.999959846589 2
1 1 0 1 0 0 1 0 0 0 0 0  0.970586792042 0.029413207958 2
1 0 0 1 0 0 0 1 0 0 1 0  0.10790024865 0.89209975135 2
0 1 1 1 0 1 1 0 1 0 0 0  0.0388159236811 0.961184076319 2
1 0 0 0 0 0 1 0 0 1 0 1  0.989987376375 0.0100126236251 2
1 1 0 0 0 0 1 0 1 0 0 1  0.0149301250847 0.985069874915 2
0 0 1 1 1 1 0 0 0 0 0 1  0.925333211402 0.0746667885982 2
1 0 0 1 1 0 0 1 1 0 0 0  0.0294141806079 0.970585819392 2
0 0 1 1 0 1 0 0 0 0 1 0  0.107924747756 0.892075252244 2
1 0 0 0 1 0 0 0 0 1 0 1  0.980191093719 0.0198089062813 2
0 1 0 1 0 1 0 0 0 1 0 1  0.970593087137 0.0294069128632 2
1 1 0 0 0 1 1 0 1 0 0 1  0.961167922763 0.0388320772369 2
0 1 0 0 0 1 1 0 0 0 1 1  0.0198237450686 0.980176254931 2
1 0 0 0 0 0 1 1 1 0 0 0  0.0294200028056 0.970579997194 2
1 0 0 0 0 0 1 0 1 1 0 1  0.980185154878 0.0198148451224 2
1 0 0 0 1 0 1 0 1 0 0 0  0.999959846589 4.01534106725e-05 2
0 1 0 1 0 0 1 1 0 1 1 0  2.26642360221e-05 0.999977335764 2
0 1 1 0 1 1 1 0 0 0 0 0  0.0434568156351 0.956543184365 2
0 0 0 0 1 0 0 1 0 0 0 1  0.107888840528 0.892111159472 2
1 1 0 1 0 0 0 1 0 1 0 0  0.980194556092 0.0198054439078 2
0 1 0 0 0 0 1 0 0 0 1 0  0.0198056096741 0.980194390326 2
0 1 0 0 1 0 1 0 0 1 0 0  0.985059642024 0.0149403579759 2
1 0 1 0 0 0 1 0 0 1 0 0  0.989976279194 0.0100237208056 2
0 1 0 0 1 1 0 0 0 0 0 1  0.034143448787 0.965856551213 2
1 1 0 1 0 1 0 0 0 1 0 0  0.975368971294 0.0246310287059 2
1 0 1 0 0 0 1 1 1 0 1 0  0.961165071846 0.0388349281542 2
0 1 1 0 0 1 0 1 1 0 1 0  0.0317790429397 0.96822095706 2
1 1 0 0 0 0 1 0 0 0 0 1  0.0294083654085 0.970591634591 2
0 0 0 1 1 0 0 0 0 0 1 1  0.980180227644 0.0198197723556 2
0 0 0 1 1 0 0 0 0 0 1 0  0.0525950631029 0.947404936897 2
1 1 1 0 1 1 1 0 0 0 0 0  0.961187873323 0.0388121266768 2
0 0 1 0 1 0 0 1 0 1 0 0  0.970590666552 0.0294093334477 2
0 1 0 1 0 0 0 0 0 1 1 0  0.999977335764 2.26642360221e-05 2
1 1 1 0 1 1 0 0 1 0 0 0  0.892075252244 0.107924747756 2
0 0 1 1 1 1 0 1 0 0 1 0  0.961195467608 0.0388045323919 2
0 0 0 1 0 1 0 1 1 0 0 0  0.0746536044461 0.925346395554 2
0 1 1 0 0 0 0 0 1 0 1 0  0.961165071846 0.0388349281542 2
1 0 0 1 0 1 0 0 1 0 0 1  0.980185162141 0.0198148378591 2
0 0 0 1 0 1 1 0 0 1 1 0  4.32178381317e-05 0.999956782162 2
0 1 1 0 0 0 0 1 0 0 0 0  0.0746597618855 0.925340238114 2
0 1 0 0 1 0 0 1 0 0 0 1  0.0100247315742 0.989975268426 2
0 1 1 1 1 0 1 0 0 1 0 0  0.0100206912358 0.989979308764 2
0 1 1 0 1 1 0 1 0 0 1 0  0.961184076319 0.0388159236811 2
0 1 1 0 0 0 0 0 0 1 1 0  0.0388320772369 0.961167922763 2
1 1 0 0 0 0 1 0 0 0 1 0  0.970579997194 0.0294200028056 2
1 0 0 1 0 0 0 1 0 1 0 0  0.980194556092 0.0198054439078 2
0 0 1 0 1 0 1 1 0 0 1 0  0.0434492901642 0.956550709836 2
0 1 1 0 0 1 1 1 0 0 1 0  0.961172684934 0.0388273150662 2
0 0 0 1 1 1 0 0 1 0 0 0  0.986699375391 0.0133006246094 2
1 1 0 1 0 1 0 0 1 1 0 0  0.980181217197 0.0198187828026 2
1 0 0 0 1 0 0 0 0 0 1 0  0.956536359918 0.0434636400825 2
0 1 0 1 0 0 0 0 1 0 0 1  0.961192630645 0.0388073693549 2
0 1 0 1 0 0 1 1 1 0 0 1  0.0198197874736 0.980180212526 2
0 1 0 0 0 1 0 1 1 0 1 0  0.0100136349602 0.98998636504 2
0 1 0 0 1 0 1 0 0 1 1 0  0.961192630645 0.0388073693549 2
1 1 1 0 0 0 1 0 0 0 0 0  0.0294141764572 0.970585823543 2
0 0 1 0 0 0 0 0 0 1 1 0  0.0388320772369 0.961167922763 2
0 0 0 0 1 0 0 0 1 1 0 0  0.970596482107 0.0294035178926 2
1 1 0 1 0 0 0 1 0 0 0 0  0.0659851679485 0.934014832051 2
1 1 1 0 1 0 1 0 0 0 0 0  0.0149518376626 0.985048162337 2
0 0 1 0 0 0 1 0 1 1 0 0  0.0198237450686 0.980176254931 2
1 0 0 0 0 1 0 0 1 0 0 1  0.985062380653 0.0149376193474 2
1 1 0 0 0 1 0 0 0 0 1 1  0.038821144574 0.961178855426 2
0 1 0 0 1 0 1 0 1 0 0 0  4.01534106725e-05 0.999959846589 2
1 1 1 0 0 0 0 0 1 1 0 0  0.970589694955 0.0294103050446 2
1 0 1 0 0 1 1 0 0 0 1 0  0.0217416919577 0.978258308042 2
0 1 0 0 0 0 1 1 1 0 1 1  0.0198099007016 0.980190099298 2
1 0 0 1 1 1 1 0 0 0 1 0  0.0388254144899 0.96117458551 2
0 1 1 0 1 0 0 1 0 1 0 0  0.970590666552 0.0294093334477 2
0 1 0 0 0 0 0 0 1 0 1 1  0.980190099298 0.0198099007016 2
0 1 0 0 0 1 1 1 0 0 1 0  0.0149398610602 0.98506013894 2
1 0 1 0 1 0 1 0 1 0 0 1  0.999956782162 4.32178381317e-05 2
0 1 0 1 1 0 1 1 0 0 0 0  0.985047911482 0.0149520885184 2
0 1 1 0 1 0 1 1 0 0 0 0  0.0198187874319 0.980181212568 2
1 0 0 1 1 0 0 1 0 0 1 0  0.0294141806079 0.970585819392 2
0 0 0 1 0 0 0 1 0 0 1 1  0.0294035178926 0.970596482107 2
1 0 0 0 0 0 0 1 1 0 1 1  0.980190099298 0.0198099007016 2
0 1 0 0 1 1 0 0 1 0 0 0  0.961177741318 0.0388222586822 2
0 1 0 1 0 0 0 0 0 1 0 0  0.988346202345 0.0116537976552 2
0 1 1 0 1 1 0 0 0 0 0 1  0.942916626596 0.0570833734038 2
0 0 0 1 0 1 0 0 0 0 1 1  0.0570970780503 0.94290292195 2
0 1 1 1 1 1 1 0 0 0 0 0  0.0133049674628 0.986695032537 2
0 0 0 1 0 1 0 1 0 0 0 1  0.985067003613 0.014932996387 2
0 1 0 1 1 0 1 0 1 0 0 1  0.999952641885 4.73581148439e-05 2
1 0 0 0 1 0 1 1 0 0 1 0  0.0434636400825 0.956536359918 2
0 1 1 1 0 0 0 1 1 0 0 0  0.0198158260613 0.980184173939 2
1 0 0 0 1 0 0 1 1 0 0 0  0.10790024865 0.89209975135 2
1 0 1 0 0 0 1 0 1 0 1 0  0.0100136349602 0.98998636504 2
1 0 0 0 0 0 0 0 1 0 1 0  0.985061130733 0.0149388692675 2
0 1 0 1 1 0 1 0 0 1 0 0  0.934040390311 0.065959609689 2
0 1 1 1 0 0 0 1 0 1 0 0  0.975374598299 0.0246254017009 2
0 1 0 1 1 1 1 0 0 0 1 0  0.999967042008 3.29579917329e-05 2
0 0 0 1 1 0 0 1 1 0 0 0  0.980192084759 0.0198079152412 2
0 0 1 1 0 1 0 1 0 0 1 0  0.961189780398 0.038810219602 2
0 1 0 0 1 0 0 0 0 1 0 1  0.057109874241 0.942890125759 2
0 1 0 0 0 1 0 0 0 0 1 0  0.98506013894 0.0149398610602 2
0 0 0 0 0 1 0 1 1 0 0 0  0.0480521803383 0.951947819662 2
0 0 0 0 1 0 0 1 0 1 1 0  0.0388073693549 0.961192630645 2
1 0 1 1 0 0 1 1 0 0 0 0  0.942902920783 0.0570970792172 2
1 0 0 0 0 0 1 1 1 0 1 1  0.980190099298 0.0198099007016 2
0 0 0 0 0 0 0 0 0 1 1 1  0.0198148451224 0.980185154878 2
1 1 0 1 0 0 1 0 0 1 0 0  0.0100247315742 0.989975268426 2
0 1 1 0 0 0 1 1 0 1 1 0  0.961167922763 0.0388320772369 2
1 1 0 0 0 1 0 0 0 0 0 1  0.980189610515 0.0198103894849 2
1 1 0 0 1 0 0 1 1 0 1 0  2.36999955225e-05 0.999976300004 2
0 1 0 1 1 0 1 1 0 0 0 1  0.0198286659691 0.980171334031 2
0 1 1 1 1 1 0 1 0 0 0 0  0.892114436844 0.107885563156 2
0 0 0 1 0 0 1 1 0 0 1 1  0.0294035178926 0.970596482107 2
0 0 1 0 0 0 1 1 0 1 0 0  0.980189610515 0.0198103894849 2
1 0 0 0 0 1 1 0 1 0 0 1  0.985062380653 0.0149376193474 2
0 1 1 1 1 0 0 0 1 0 0 0  0.98018368208 0.0198163179199 2
0 0 0 0 1 0 1 1 0 0 1 0  0.973775375023 0.0262246249772 2
1 0 0 1 1 1 0 0 1 0 0 0  0.0388254251951 0.961174574805 2
1 0 0 1 1 0 0 0 0 0 0 1  0.0133011812909 0.986698818709 2
0 0 0 1 0 0 1 1 0 1 1 0  2.26642360221e-05 0.999977335764 2
0 0 0 1 1 0 1 0 0 1 0 1  0.0100312718875 0.989968728112 2
0 1 0 1 0 0 1 1 0 1 0 1  0.980191093719 0.0198089062813 2
0 1 0 0 0 0 1 0 0 1 1 1  0.0198148451224 0.980185154878 2
0 1 1 0 0 1 1 0 0 0 1 0  0.0198178098225 0.980182190178 2
1 0 0 1 0 1 0 0 0 0 0 1  0.970590666552 0.0294093334477 2
0 0 0 0 0 0 1 1 0 1 1 0  0.0149301250847 0.985069874915 2
0 0 0 0 0 0 1 1 0 1 1 1  0.980185154878 0.0198148451224 2
1 1 0 1 0 0 0 0 0 0 0 0  0.972979553935 0.0270204460649 2
0 1 0 0 0 0 1 0 0 0 0 0  0.0293991579081 0.970600842092 2
1 0 1 1 0 0 1 0 1 0 0 0  0.0198064344495 0.980193565551 1
0 1 0 0 1 1 0 0 0 0 1 0  0.0154784385541 0.984521561446 1
1 1 1 0 1 0 1 0 1 0 0 0  3.65542720454e-05 0.999963445728 1
0 0 1 1 0 1 1 1 0 0 0 1  0.980194968452 0.0198050315482 1
0 0 0 0 0 0 1 0 0 1 1 1  0.0198148451224 0.980185154878 1
1 1 0 0 0 0 1 0 0 1 0 1  0.989987376375 0.0100126236251 1
0 1 0 0 1 0 1 1 0 0 1 1  0.0198247360248 0.980175263975 1
0 1 0 1 0 1 0 1 1 0 1 0  4.53000358353e-05 0.999954699964 1
0 0 1 0 1 1 0 0 1 0 0 0  0.107924747756 0.892075252244 1
0 1 0 1 0 0 1 0 1 0 0 1  0.961192630645 0.0388073693549 1
1 1 0 1 0 0 0 0 1 0 0 1  0.978258426174 0.0217415738261 1
1 1 0 1 0 0 0 0 0 0 0 1  0.972180439641 0.0278195603593 1
1 0 1 0 1 1 0 0 0 1 0 0  0.980194968452 0.0198050315482 1
1 0 1 1 0 1 0 1 0 0 0 0  0.981166366129 0.0188336338705 1
1 0 0 1 0 1 0 0 1 1 0 0  0.980181217197 0.0198187828026 1
0 1 1 0 0 0 0 1 0 1 1 0  0.985062380653 0.0149376193474 1
1 1 0 1 0 0 1 0 1 1 0 0  0.0198247360248 0.980175263975 1
1 1 0 0 1 1 0 1 0 1 0 0  0.96653686123 0.0334631387703 1
1 0 1 0 1 1 0 1 0 0 0 0  0.981166366129 0.0188336338705 1
1 0 0 1 0 0 1 1 0 1 1 0  0.0149407355401 0.98505926446 1
0 1 1 1 0 0 0 1 0 0 0 0  0.12357897639 0.87642102361 1
0 0 0 1 1 0 1 0 1 0 1 0  0.929648661407 0.0703513385935 1
0 1 1 1 0 0 1 1 1 0 0 0  0.0388368250145 0.961163174985 1
0 0 1 1 0 1 1 1 0 0 1 0  0.892075252244 0.107924747756 1
0 1 0 1 0 0 1 0 1 1 0 0  0.980175263975 0.0198247360248 1
0 1 0 1 0 1 1 0 0 1 0 1  0.970593087137 0.0294069128632 1
1 0 0 1 1 0 1 1 0 0 0 1  0.942917539173 0.0570824608267 1
1 0 1 1 0 1 0 1 1 0 0 0  0.978981500586 0.0210184994143 1
0 0 0 1 0 0 0 0 0 0 1 1  0.970596482107 0.0294035178926 1
1 1 0 0 0 1 0 1 1 0 1 0  0.961165071846 0.0388349281542 1
1 1 0 0 0 0 1 0 1 0 0 0  0.0189224421682 0.981077557832 1
1 0 1 0 0 0 1 0 1 1 0 0  0.980176254931 0.0198237450686 1
1 0 0 0 0 1 1 1 1 0 1 1  0.961173149978 0.0388268500222 1
0 1 1 0 0 0 1 1 0 1 0 0  0.980189610515 0.0198103894849 1
0 1 1 0 1 0 1 0 0 1 0 1  0.970593087137 0.0294069128632 1
0 1 0 0 1 1 1 0 1 0 0 0  0.045747276657 0.954252723343 1
0 0 1 0 0 0 1 1 0 1 1 0  0.961167922763 0.0388320772369 1
1 1 0 0 1 0 1 0 0 1 1 0  0.0198197874736 0.980180212526 1
1 0 1 0 1 0 0 1 1 0 0 0  0.989974271051 0.0100257289488 1
1 1 0 0 1 0 1 1 1 0 0 0  0.951950151429 0.0480498485709 1
0 0 0 0 1 0 1 0 1 0 1 0  2.36999955225e-05 0.999976300004 1
1 1 0 1 0 1 0 0 1 0 0 0  0.0434492901642 0.956550709836 1
0 0 1 1 0 0 0 0 0 1 0 1  0.045766237469 0.954233762531 1
1 0 0 0 0 0 1 1 1 0 0 1  0.989987373801 0.010012626199 1
0 1 1 0 1 0 0 1 1 0 1 0  4.53000358353e-05 0.999954699964 1
0 1 1 1 0 1 1 1 0 0 0 0  0.961187873323 0.0388121266768 1
1 0 0 1 0 0 0 0 1 1 0 1  0.0831949982272 0.916805001773 1
0 1 1 0 0 0 0 0 0 0 0 1  0.0831803414375 0.916819658562 1
0 0 1 0 1 1 0 1 0 1 0 0  0.96653709666 0.03346290334 1
1 1 1 0 0 0 0 1 0 1 0 0  0.980193963226 0.0198060367737 1
0 1 0 0 0 1 1 0 0 1 0 0  0.0831803414375 0.916819658562 1
0 1 0 1 1 0 0 1 0 0 1 0  0.0176489664449 0.982351033555 1
0 1 1 1 0 1 1 0 0 1 0 0  0.942916626596 0.0570833734038 1
1 0 1 0 0 1 0 1 0 0 0 0  0.984091340499 0.0159086595014 1
0 1 1 1 1 0 0 0 0 0 0 0  0.955010641914 0.0449893580855 1
0 1 1 0 1 0 1 0 1 0 1 0  0.999954699964 4.53000358353e-05 1
1 1 1 0 0 1 0 1 0 0 0 0  0.963050725433 0.0369492745671 1
1 1 0 0 0 0 1 0 1 1 1 0  0.0198099007016 0.980190099298 1
1 0 0 1 0 1 0 1 0 0 1 0  0.989974271051 0.0100257289488 1
0 1 0 0 0 1 1 1 0 0 1 1  0.980176254931 0.0198237450686 1
0 1 0 1 0 1 0 1 0 1 1 0  0.999956782162 4.32178381317e-05 1
1 0 0 0 0 1 1 1 0 0 1 0  0.0198061855475 0.980193814452 1
1 0 0 0 1 0 0 0 0 0 1 1  0.01981384628 0.98018615372 1
0 1 1 0 1 1 0 0 1 0 0 0  0.038810219602 0.961189780398 1
0 1 0 0 0 0 1 0 1 0 1 1  0.980190099298 0.0198099007016 1
1 1 0 0 0 1 0 0 1 0 0 1  0.961167922763 0.0388320772369 1
1 0 0 0 1 1 1 0 0 0 0 0  0.12357897639 0.87642102361 1
0 0 0 1 0 0 0 1 1 1 0 0  0.01981384628 0.98018615372 1
0 1 0 0 1 1 0 1 1 0 0 0  0.961176593762 0.0388234062376 1
1 0 1 1 0 0 1 0 1 1 0 0  0.0615533372393 0.938446662761 1
1 1 1 1 0 1 0 0 0 0 0 0  0.0333508681675 0.966649131833 1
1 1 0 1 1 1 1 0 0 0 0 0  0.0388092823877 0.961190717612 1
1 0 1 0 1 0 1 0 1 0 1 0  4.53000358353e-05 0.999954699964 1
0 1 1 0 1 0 0 0 0 0 0 1  0.0100151461618 0.989984853838 1
1 0 0 1 0 0 1 1 1 0 0 1  0.980180212526 0.0198197874736 1
1 0 1 0 1 0 0 0 1 0 0 1  0.999956782162 4.32178381317e-05 1
1 0 1 1 1 0 0 1 1 0 0 0  0.96117458551 0.0388254144899 1
0 0 1 0 1 0 1 0 0 1 1 0  0.0198148378591 0.980185162141 1
1 0 0 1 0 1 1 1 0 0 0 1  0.976569434866 0.023430565134 1
1 1 0 0 1 0 1 0 1 0 0 1  2.26642360221e-05 0.999977335764 1
0 0 0 1 1 0 1 1 0 0 1 1  0.0198197723556 0.980180227644 1
1 0 0 1 0 0 0 0 1 0 1 0  0.999976300004 2.36999955225e-05 1
0 1 0 1 0 1 0 0 0 0 0 1  0.0659542376246 0.934045762375 1
1 0 1 1 0 0 0 1 1 0 0 0  0.980184173939 0.0198158260613 1
1 0 0 0 1 0 1 0 0 1 1 0  0.0198197874736 0.980180212526 1
1 0 1 1 0 0 0 0 0 0 1 0  0.981961039678 0.0180389603224 1
0 0 1 0 0 0 0 0 1 0 0 1  0.988753405368 0.0112465946322 1
0 0 1 1 0 1 1 0 0 0 1 1  0.0630236065527 0.936976393447 1
0 0 1 1 0 1 1 0 0 0 1 0  0.038810219602 0.961189780398 1
1 0 0 1 1 1 0 0 0 0 0 1  0.942920277661 0.0570797223391 1
1 0 1 0 0 0 0 1 0 0 1 1  0.980191234215 0.0198087657846 1
0 1 0 0 1 0 0 0 0 0 1 1  0.980175263975 0.0198247360248 1
1 1 0 1 1 1 0 0 0 0 0 0  0.0222236365877 0.977776363412 1
1 1 1 0 0 0 0 1 0 1 1 0  0.980188916819 0.0198110831812 1
0 1 0 1 1 1 0 0 0 0 0 1  0.0100206912358 0.989979308764 1
1 1 0 0 0 1 0 1 1 0 0 0  0.951947819662 0.0480521803383 1
0 0 0 1 1 0 0 0 1 0 0 0  0.0525950631029 0.947404936897 1
1 0 0 1 1 1 0 1 0 0 1 0  0.96117458551 0.0388254144899 1
0 0 1 0 1 0 0 0 0 1 0 1  0.970593087137 0.0294069128632 1
1 1 1 0 0 1 1 0 1 0 0 1  0.948912505037 0.0510874949628 1
0 1 0 1 0 0 0 1 1 1 0 0  0.01981384628 0.98018615372 1
0 1 1 0 1 0 0 1 0 1 1 0  0.980185162141 0.0198148378591 1
1 0 0 0 1 0 0 0 1 1 0 0  0.0294035178926 0.970596482107 1
1 1 0 1 0 0 0 1 1 1 0 0  0.98018615372 0.01981384628 1
0 0 0 1 1 0 1 0 0 1 1 0  0.999952641885 4.73581148439e-05 1
0 0 1 1 0 0 1 1 0 1 0 0  0.961188825477 0.0388111745234 1
0 1 0 1 0 1 0 0 1 1 0 0  0.0198187828026 0.980181217197 1
0 0 1 0 1 0 1 1 0 0 1 1  0.980181217197 0.0198187828026 1
1 1 0 0 0 1 1 0 0 0 0 0  0.966805736129 0.033194263871 1
1 1 0 0 0 1 1 0 0 0 0 1  0.980189610515 0.0198103894849 1
0 1 0 1 0 1 1 0 1 0 1 1  0.942912065508 0.0570879344923 1
1 1 0 1 0 0 1 1 0 0 0 1  0.0831881121306 0.916811887869 1
0 1 0 0 0 1 1 0 1 1 0 1  0.0230363608932 0.976963639107 1
0 1 0 1 0 0 0 0 0 0 1 0  0.982135306514 0.0178646934861 1
1 1 1 0 1 0 0 1 0 1 0 0  0.976569434866 0.023430565134 1
1 1 0 0 1 0 0 1 0 1 1 0  0.980180212526 0.0198197874736 1
1 0 1 0 1 0 1 1 0 0 0 0  0.951968315271 0.0480316847288 1
0 1 0 1 0 0 0 1 0 0 1 0  0.999959846589 4.01534106725e-05 1
0 1 0 1 0 0 1 1 1 0 0 0  0.985056635489 0.0149433645109 1
1 1 0 0 1 1 0 1 1 0 1 0  0.0198111301586 0.980188869841 1
1 1 0 0 1 1 0 1 0 0 1 0  0.961163174985 0.0388368250145 1
1 1 0 0 1 0 1 0 0 0 1 0  0.985056635489 0.0149433645109 1
1 1 0 0 0 0 1 0 0 1 1 0  0.010012626199 0.989987373801 1
1 1 1 1 1 1 0 0 1 0 0 0  0.0258279348388 0.974172065161 1
1 0 0 1 0 0 0 1 1 1 0 0  0.98018615372 0.01981384628 1
0 1 0 0 0 1 1 1 1 0 0 1  0.0198110831812 0.980188916819 1
0 1 0 1 1 0 0 0 0 0 1 0  3.65578897601e-05 0.99996344211 1
1 0 1 1 0 0 0 1 0 0 1 0  0.0388234062376 0.961176593762 1
0 0 0 0 0 0 1 1 1 0 1 1  0.965868066979 0.034131933021 1
1 0 0 1 0 0 1 1 1 1 0 1  0.961182177155 0.0388178228452 1
0 1 0 0 0 0 1 1 0 1 1 1  0.980185154878 0.0198148451224 1
0 1 0 1 1 0 1 0 0 0 0 1  0.934040390311 0.065959609689 1
1 0 1 0 0 1 0 0 1 0 0 1  0.980190598434 0.0198094015663 1
1 0 0 1 1 0 1 1 1 0 0 1  0.0434523456869 0.956547654313 1
0 0 0 0 1 0 0 1 1 1 1 0  0.970591149275 0.0294088507254 1
0 1 1 1 1 0 1 1 1 0 0 0  0.972969205518 0.0270307944822 1
0 0 0 1 1 0 1 0 0 1 0 0  0.934040390311 0.065959609689 1
1 0 0 0 0 0 0 1 1 1 1 0  0.980190099298 0.0198099007016 1
0 0 0 0 1 0 1 0 1 0 0 0  0.982135306514 0.0178646934861 1
0 1 1 0 1 1 1 0 1 0 0 1  0.0570710473336 0.942928952666 1
1 0 1 0 1 0 0 0 0 0 1 0  0.0746536044461 0.925346395554 1
0 1 0 0 0 1 1 0 0 1 0 1  0.996629396148 0.00337060385186 1
0 0 0 1 0 0 1 1 0 1 0 0  0.0149406124547 0.985059387545 1
0 0 0 1 0 0 1 1 0 1 0 1  0.980191093719 0.0198089062813 1
1 1 1 0 1 1 0 1 0 0 0 0  0.955394734285 0.0446052657152 1
1 0 1 0 0 1 1 1 0 0 0 0  0.963050725433 0.0369492745671 1
0 0 1 0 1 0 0 1 0 1 1 0  0.980185162141 0.0198148378591 1
1 0 0 0 0 0 1 0 1 1 1 0  0.0198099007016 0.980190099298 1
0 1 0 0 0 1 0 0 1 1 0 0  0.0198056103926 0.980194389607 1
0 1 0 0 1 1 0 0 0 1 0 1  0.045766237469 0.954233762531 1
1 1 1 0 0 0 1 0 1 1 0 0  0.980176254931 0.0198237450686 1
0 1 0 1 0 1 1 0 1 0 0 1  0.0198148378591 0.980185162141 1
1 1 0 0 1 0 1 1 0 0 0 0  0.934059634926 0.0659403650743 1
1 1 0 0 0 1 1 0 1 0 1 0  0.0388349281542 0.961165071846 1
0 1 0 0 1 1 1 1 0 1 1 0  0.97714146125 0.0228585387502 1
1 0 0 0 1 0 0 1 0 0 1 1  0.98018615372 0.01981384628 1
1 0 0 0 1 0 0 1 0 1 0 0  0.97059066628 0.0294093337196 1
1 0 1 0 0 1 1 0 1 0 0 0  0.980182190178 0.0198178098225 1
1 0 0 1 1 0 1 0 0 1 0 0  0.0198286659691 0.980171334031 1
1 0 0 1 0 0 1 0 0 0 1 0  0.89209975135 0.10790024865 1
1 1 0 0 0 0 1 0 0 0 0 0  0.0294057786538 0.970594221346 1
1 0 1 1 0 1 0 0 1 0 0 0  0.980189120618 0.0198108793822 1
0 1 0 0 0 1 1 0 1 0 0 0  0.942936706143 0.057063293857 1
1 0 0 1 0 0 0 1 0 1 0 1  0.961187402105 0.0388125978955 1
1 0 0 0 1 0 1 1 0 0 1 1  0.98018615372 0.01981384628 1
1 1 0 1 1 0 0 0 0 1 0 1  0.0294111095585 0.970588890442 1
0 1 0 0 0 0 0 1 1 1 1 0  0.0198099007016 0.980190099298 1
1 1 0 1 1 1 1 1 1 1 1 0  0.968315526061 0.0316844739388 1
0 1 0 1 1 0 1 1 1 0 0 1  0.956547654313 0.0434523456869 1
0 0 1 0 1 0 0 1 0 0 1 1  0.980181217197 0.0198187828026 1
0 1 1 0 1 0 1 0 0 0 1 0  0.97536039984 0.0246396001596 1
1 0 0 0 0 0 0 0 1 0 1 1  0.0198099007016 0.980190099298 1
0 1 0 1 0 0 0 1 1 0 0 1  0.0198197874736 0.980180212526 1
0 0 0 0 0 1 0 1 1 1 0 0  0.0198087657846 0.980191234215 1
1 1 0 1 0 0 1 0 1 0 0 0  0.985059888637 0.0149401113634 1
0 0 0 1 0 0 1 0 0 1 0 1  0.057109874241 0.942890125759 1
0 0 1 1 0 1 0 0 0 1 0 0  0.965872626561 0.034127373439 1
0 0 1 1 1 0 0 1 0 0 0 1  0.925336724342 0.0746632756585 1
0 1 1 0 1 0 0 1 0 0 1 0  0.0246396001596 0.97536039984 1
1 0 0 0 0 0 0 0 0 0 1 0  0.977774824207 0.0222251757926 1
1 1 0 1 0 0 0 0 0 0 1 0  0.0480498485709 0.951950151429 1
0 0 1 1 0 1 1 0 0 1 0 0  0.942916626596 0.0570833734038 1
0 0 0 1 0 1 0 1 0 0 1 1  0.94290292195 0.0570970780503 1
1 1 0 0 1 0 1 0 0 1 0 1  0.980191093719 0.0198089062813 1
1 1 0 0 1 0 0 1 0 0 1 0  0.0149433645109 0.985056635489 1
0 0 1 1 0 1 0 0 1 0 0 0  0.968223881679 0.0317761183211 1
1 1 0 1 0 0 1 1 0 1 0 0  0.0317808491044 0.968219150896 1
0 0 1 1 1 0 1 1 0 0 0 1  0.925336724342 0.0746632756585 1
0 0 1 1 1 0 1 1 0 0 0 0  0.0222236365877 0.977776363412 1
1 0 0 1 0 0 0 1 1 0 0 1  0.980180212526 0.0198197874736 1
1 1 0 0 1 1 1 0 1 0 1 0  0.980188869841 0.0198111301586 1
1 0 1 1 0 1 1 0 1 0 0 0  0.961184076319 0.0388159236811 1
0 1 1 1 0 0 1 0 1 0 0 1  0.970593574198 0.0294064258022 1
0 1 1 1 1 0 0 1 0 1 0 0  0.942920277661 0.0570797223391 1
0 0 0 0 0 0 0 0 0 1 1 0  0.985069874915 0.0149301250847 1
0 0 1 0 1 1 1 1 0 0 0 0  0.0333508681675 0.966649131833 1
0 0 1 0 0 0 1 0 0 1 0 1  0.996629396148 0.00337060385186 1
0 1 0 0 0 0 1 0 1 1 0 1  0.0198148451224 0.980185154878 1
0 0 0 1 0 0 1 0 1 1 0 0  0.980175263975 0.0198247360248 1
1 0 0 0 0 1 1 0 1 0 0 0  0.057063293857 0.942936706143 1
1 1 0 1 1 1 0 1 0 0 0 0  0.892099757502 0.107900242498 1
1 1 0 0 0 0 1 1 1 0 0 1  0.0317747026441 0.968225297356 1
1 0 0 1 1 1 1 0 0 0 0 0  0.0434445888877 0.956555411112 1
1 1 0 0 0 0 1 0 1 1 1 1  0.0388311252097 0.96116887479 1
1 0 0 1 1 1 0 0 0 1 0 0  0.925336724342 0.0746632756585 1
0 0 1 0 1 1 0 0 0 0 0 1  0.965872626561 0.034127373439 1
1 0 0 1 0 1 1 0 1 0 1 0  4.53000358353e-05 0.999954699964 1
0 1 1 1 1 1 1 1 0 0 1 0  0.038819008301 0.961180991699 1
0 1 0 1 0 0 1 0 0 1 0 1  0.057109874241 0.942890125759 1
0 0 1 0 1 0 1 0 0 0 1 1  0.0198187828026 0.980181217197 1
0 0 0 0 0 0 0 1 1 1 0 0  0.0198079186708 0.980192081329 1
1 0 0 1 0 0 0 0 1 0 0 1  0.0388073693549 0.961192630645 1
1 0 0 1 0 1 1 1 1 0 0 0  0.0262361744789 0.973763825521 1
1 0 1 0 1 1 0 0 1 0 0 0  0.961189780398 0.038810219602 1
1 0 0 0 0 0 1 0 1 0 0 0  0.980194390326 0.0198056096741 1
1 1 0 0 0 0 0 1 1 1 1 0  0.980190099298 0.0198099007016 1
1 1 0 0 0 0 0 1 1 1 1 1  0.96116887479 0.0388311252097 1
1 1 1 0 0 0 0 1 1 1 1 0  0.961173149978 0.0388268500222 1
1 0 1 1 0 0 1 1 1 0 0 1  0.973759653788 0.0262403462118 1
1 0 0 0 0 0 0 1 1 0 0 1  0.989987373801 0.010012626199 1
1 0 1 0 1 1 1 0 1 0 0 1  0.942928952666 0.0570710473336 1
0 1 1 1 0 0 1 1 0 1 0 0  0.961188825477 0.0388111745234 1
1 1 0 0 1 1 1 1 0 0 0 0  0.115700705806 0.884299294194 1