0 0 0 0  0.994822104155 0.00517789584527 48191
1 0 0 0  0.883743451673 0.116256548327 9289
0 1 0 0  0.883743451673 0.116256548327 9283
1 1 0 0  0.251391463399 0.748608536601 5770
0 1 0 1  0.148561755067 0.851438244933 5077
0 0 0 1  0.851438244933 0.148561755067 5030
0 0 1 0  0.851438244933 0.148561755067 4982
1 0 1 0  0.148561755067 0.851438244933 4950
0 1 1 0  0.832535654944 0.167464345056 1339
1 1 0 1  0.167464345056 0.832535654944 1339
1 1 1 0  0.167464345056 0.832535654944 1314
1 0 0 1  0.832535654944 0.167464345056 1294
0 1 1 1  0.2908940288 0.7091059712 552
1 1 1 1  0.7091059712 0.2908940288 542
0 0 1 1  0.7091059712 0.2908940288 538
1 0 1 1  0.2908940288 0.7091059712 510
